items_11000	小麦种子	1	1	1 	6		1	360	items_12000	12	120,2;240,2;360,8;	1	0	30	040311000	040311000a	040311000b	6
items_11001	百合种子	1	1	3 	23		1	720	items_12001	12	240,2;480,2;720,8;	1	0	30	040311001	040311001a	040311001b	11
items_11002	玉米种子	1	1	3 	23		1	720	items_12002	12	240,2;480,2;720,8;	1	0	30	040311002	040311002a	040311002b	11
items_11003	郁金香种子	1	1	35 	282		5	1800	items_12003	12	600,2;1200,2;1800,8;	1	0	30	040311003	040311003a	040311003b	28
items_11004	大豆种子	1	1	113 	902		10	2700	items_12004	12	900,2;1800,2;2700,8;	1	0	30	040311004	040311004a	040311004b	42
items_11005	玫瑰种子	1	1	197 	1572		15	3000	items_12005	12	1000,2;2000,2;3000,8;	1	0	30	040311005	040311005a	040311005b	46
items_11006	甘蔗种子	1	1	321 	2568		20	3600	items_12006	12	1200,2;2400,2;3600,8;	1	0	30	040311006	040311006a	040311006b	55
items_11007	香蕉种子	1	1	606 	4849		25	5400	items_12007	12	1800,2;3600,2;5400,8;	1	0	30	040311007	040311007a	040311007b	83
items_11008	苹果种子	1	1	807 	6456		30	6000	items_12008	12	2000,2;4000,2;6000,8;	1	0	30	040311008	040311008a	040311008b	92
items_11009	火龙果种子	1	1	1122 	8978	50	35	7200	items_12009	12	2400,2;4800,2;7200,8;	1	0	30	040311009	040311009a	040311009b	111
